-500000.000000 -411244.909344 
-479591.836735 -389755.745329 
-459183.673469 -392304.342779 
-438775.510204 -380441.933563 
-418367.346939 -369281.751428 
-397959.183673 -374083.982736 
-377551.020408 -369637.494642 
-357142.857143 -374199.966790 
-336734.693878 -364376.923866 
-316326.530612 -353747.600440 
-295918.367347 -344316.485599 
-275510.204082 -336146.655231 
-255102.040816 -340564.884550 
-234693.877551 -342503.872184 
-214285.714286 -332086.936930 
-193877.551020 -312487.512128 
-173469.387755 -323194.177684 
-153061.224490 -312397.067246 
-132653.061224 -296072.057466 
-112244.897959 -311610.991236 
-91836.734694 -293064.925919 
-71428.571429 -279718.450062 
-51020.408163 -290968.339905 
-30612.244898 -278343.915531 
-10204.081633 -264743.108602 
10204.081633 -277284.041523 
30612.244898 -263002.326971 
51020.408163 -252475.267118 
71428.571429 -249041.266888 
91836.734694 -248364.133205 
112244.897959 -249104.797454 
132653.061224 -237222.588633 
153061.224490 -234639.233777 
173469.387755 -226917.732622 
193877.551020 -224176.357862 
214285.714286 -208013.600417 
234693.877551 -204300.699187 
255102.040816 -209451.591812 
275510.204082 -198196.964288 
295918.367347 -199712.096378 
316326.530612 -190339.714592 
336734.693878 -187330.477175 
357142.857143 -175022.669499 
377551.020408 -176318.659785 
397959.183673 -168971.473753 
418367.346939 -157680.034978 
438775.510204 -159419.555277 
459183.673469 -142764.509707 
479591.836735 -154155.735207 
500000.000000 -135954.265923 
-500000.000000 145938.343440 
-479591.836735 140970.927082 
-459183.673469 142730.454032 
-438775.510204 133949.782185 
-418367.346939 125283.074023 
-397959.183673 106536.882977 
-377551.020408 104432.412515 
-357142.857143 119695.729279 
-336734.693878 108487.078163 
-316326.530612 109054.927949 
-295918.367347 112510.046496 
-275510.204082 98413.708215 
-255102.040816 72528.756996 
-234693.877551 75865.607988 
-214285.714286 80127.053253 
-193877.551020 63228.361195 
-173469.387755 82211.389923 
-153061.224490 76451.897508 
-132653.061224 68160.494374 
-112244.897959 50647.916367 
-91836.734694 57727.915265 
-71428.571429 29183.794055 
-51020.408163 29943.312732 
-30612.244898 29931.942232 
-10204.081633 34031.978031 
10204.081633 20481.212139 
30612.244898 3863.850696 
51020.408163 5581.603439 
71428.571429 -151.079258 
91836.734694 -6045.359831 
112244.897959 -15599.678274 
132653.061224 -12471.506811 
153061.224490 -16477.324425 
173469.387755 -10795.634537 
193877.551020 -15188.494629 
214285.714286 -29332.554347 
234693.877551 -36472.669614 
255102.040816 -31094.461353 
275510.204082 -32597.015609 
295918.367347 -44707.272431 
316326.530612 -45665.824036 
336734.693878 -46192.998796 
357142.857143 -80944.072574 
377551.020408 -58490.588181 
397959.183673 -83363.214527 
418367.346939 -81891.608254 
438775.510204 -76400.765972 
459183.673469 -84126.924702 
479591.836735 -108042.089310
500000.000000 -96261.307455 